     .00000      .00000      .00000      .00000      .00000                                                                                                                                             
    1.00000     1.00000     1.99497     4.92032    26.13894                                                                                                                                             
    2.00000     2.00000     3.96985     9.64503    45.61382                                                                                                                                             
    3.00000     3.00000     5.92462    14.18002    60.07992                                                                                                                                             
    4.00000     4.00000     7.85930    18.53107    70.79243                                                                                                                                             
    5.00000     5.00000     9.77387    22.70382    78.70041                                                                                                                                             
    6.00000     6.00000    11.66834    26.70381    84.51937                                                                                                                                             
    7.00000     7.00000    13.54271    30.53647    88.78715                                                                                                                                             
    8.00000     8.00000    15.39698    34.20709    91.90678                                                                                                                                             
    9.00000     9.00000    17.23116    37.72088    94.17936                                                                                                                                             
   10.00000    10.00000    19.04523    41.08291    95.82910                                                                                                                                             
   11.00000    11.00000    20.83920    44.29815    97.02243                                                                                                                                             
   12.00000    12.00000    22.61307    47.37147    97.88246                                                                                                                                             
   13.00000    13.00000    24.36683    50.30760    98.49997                                                                                                                                             
   14.00000    14.00000    26.10050    53.11121    98.94165                                                                                                                                             
   15.00000    15.00000    27.81407    55.78682    99.25634                                                                                                                                             
   16.00000    16.00000    29.50754    58.33887    99.47965                                                                                                                                             
   17.00000    17.00000    31.18090    60.77169    99.63746                                                                                                                                             
   18.00000    18.00000    32.83417    63.08951    99.74853                                                                                                                                             
   19.00000    19.00000    34.46734    65.29645    99.82635                                                                                                                                             
   20.00000    20.00000    36.08040    67.39654    99.88065                                                                                                                                             
   21.00000    21.00000    37.67337    69.39371    99.91835                                                                                                                                             
   22.00000    22.00000    39.24623    71.29178    99.94442                                                                                                                                             
   23.00000    23.00000    40.79899    73.09450    99.96235                                                                                                                                             
   24.00000    24.00000    42.33166    74.80549    99.97463                                                                                                                                             
   25.00000    25.00000    43.84422    76.42832    99.98299                                                                                                                                             
   26.00000    26.00000    45.33668    77.96642    99.98866                                                                                                                                             
   27.00000    27.00000    46.80905    79.42316    99.99248                                                                                                                                             
   28.00000    28.00000    48.26131    80.80181    99.99504                                                                                                                                             
   29.00000    29.00000    49.69347    82.10556    99.99675                                                                                                                                             
   30.00000    30.00000    51.10553    83.33749    99.99788                                                                                                                                             
   31.00000    31.00000    52.49749    84.50063    99.99863                                                                                                                                             
   32.00000    32.00000    53.86935    85.59788    99.99912                                                                                                                                             
   33.00000    33.00000    55.22111    86.63209    99.99944                                                                                                                                             
   34.00000    34.00000    56.55276    87.60601    99.99964                                                                                                                                             
   35.00000    35.00000    57.86432    88.52233    99.99977                                                                                                                                             
   36.00000    36.00000    59.15578    89.38363    99.99986                                                                                                                                             
   37.00000    37.00000    60.42714    90.19243    99.99991                                                                                                                                             
   38.00000    38.00000    61.67839    90.95116    99.99995                                                                                                                                             
   39.00000    39.00000    62.90955    91.66220    99.99997                                                                                                                                             
   40.00000    40.00000    64.12060    92.32782    99.99998                                                                                                                                             
   41.00000    41.00000    65.31156    92.95023    99.99999                                                                                                                                             
   42.00000    42.00000    66.48241    93.53158    99.99999                                                                                                                                             
   43.00000    43.00000    67.63317    94.07393   100.00000                                                                                                                                             
   44.00000    44.00000    68.76382    94.57927   100.00000                                                                                                                                             
   45.00000    45.00000    69.87437    95.04953   100.00000                                                                                                                                             
   46.00000    46.00000    70.96482    95.48658   100.00000                                                                                                                                             
   47.00000    47.00000    72.03518    95.89220   100.00000                                                                                                                                             
   48.00000    48.00000    73.08543    96.26812   100.00000                                                                                                                                             
   49.00000    49.00000    74.11558    96.61600   100.00000                                                                                                                                             
   50.00000    50.00000    75.12563    96.93744   100.00000                                                                                                                                             
   51.00000    51.00000    76.11558    97.23397   100.00000                                                                                                                                             
   52.00000    52.00000    77.08543    97.50708   100.00000                                                                                                                                             
   53.00000    53.00000    78.03518    97.75818   100.00000                                                                                                                                             
   54.00000    54.00000    78.96482    97.98862   100.00000                                                                                                                                             
   55.00000    55.00000    79.87437    98.19971   100.00000                                                                                                                                             
   56.00000    56.00000    80.76382    98.39269   100.00000                                                                                                                                             
   57.00000    57.00000    81.63317    98.56876   100.00000                                                                                                                                             
   58.00000    58.00000    82.48241    98.72905   100.00000                                                                                                                                             
   59.00000    59.00000    83.31156    98.87465   100.00000                                                                                                                                             
   60.00000    60.00000    84.12060    99.00658   100.00000                                                                                                                                             
   61.00000    61.00000    84.90955    99.12584   100.00000                                                                                                                                             
   62.00000    62.00000    85.67839    99.23336   100.00000                                                                                                                                             
   63.00000    63.00000    86.42714    99.33003   100.00000                                                                                                                                             
   64.00000    64.00000    87.15578    99.41670   100.00000                                                                                                                                             
   65.00000    65.00000    87.86432    99.49415   100.00000                                                                                                                                             
   66.00000    66.00000    88.55276    99.56315   100.00000                                                                                                                                             
   67.00000    67.00000    89.22111    99.62441   100.00000                                                                                                                                             
   68.00000    68.00000    89.86935    99.67859   100.00000                                                                                                                                             
   69.00000    69.00000    90.49749    99.72633   100.00000                                                                                                                                             
   70.00000    70.00000    91.10553    99.76822   100.00000                                                                                                                                             
   71.00000    71.00000    91.69347    99.80482   100.00000                                                                                                                                             
   72.00000    72.00000    92.26131    99.83664   100.00000                                                                                                                                             
   73.00000    73.00000    92.80905    99.86417   100.00000                                                                                                                                             
   74.00000    74.00000    93.33668    99.88786   100.00000                                                                                                                                             
   75.00000    75.00000    93.84422    99.90812   100.00000                                                                                                                                             
   76.00000    76.00000    94.33166    99.92534   100.00000                                                                                                                                             
   77.00000    77.00000    94.79899    99.93987   100.00000                                                                                                                                             
   78.00000    78.00000    95.24623    99.95205   100.00000                                                                                                                                             
   79.00000    79.00000    95.67337    99.96217   100.00000                                                                                                                                             
   80.00000    80.00000    96.08040    99.97050   100.00000                                                                                                                                             
   81.00000    81.00000    96.46734    99.97730   100.00000                                                                                                                                             
   82.00000    82.00000    96.83417    99.98278   100.00000                                                                                                                                             
   83.00000    83.00000    97.18090    99.98715   100.00000                                                                                                                                             
   84.00000    84.00000    97.50754    99.99058   100.00000                                                                                                                                             
   85.00000    85.00000    97.81407    99.99324   100.00000                                                                                                                                             
   86.00000    86.00000    98.10050    99.99526   100.00000                                                                                                                                             
   87.00000    87.00000    98.36683    99.99676   100.00000                                                                                                                                             
   88.00000    88.00000    98.61307    99.99786   100.00000                                                                                                                                             
   89.00000    89.00000    98.83920    99.99864   100.00000                                                                                                                                             
   90.00000    90.00000    99.04523    99.99917   100.00000                                                                                                                                             
   91.00000    91.00000    99.23116    99.99952   100.00000                                                                                                                                             
   92.00000    92.00000    99.39698    99.99974   100.00000                                                                                                                                             
   93.00000    93.00000    99.54271    99.99987   100.00000                                                                                                                                             
   94.00000    94.00000    99.66834    99.99994   100.00000                                                                                                                                             
   95.00000    95.00000    99.77387    99.99998   100.00000                                                                                                                                             
   96.00000    96.00000    99.85930    99.99999   100.00000                                                                                                                                             
   97.00000    97.00000    99.92462   100.00000   100.00000                                                                                                                                             
   98.00000    98.00000    99.96985   100.00000   100.00000                                                                                                                                             
   99.00000    99.00000    99.99497   100.00000   100.00000                                                                                                                                             
  100.00000   100.00000   100.00000   100.00000   100.00000                                                                                                                                             
